2500 17932 1
2500 17949 1
2500 23634 1
2500 23799 1
2500 2497 0
2500 2501 1
2500 2504 1
2500 2515 1
2500 2516 -1
2500 4694 -1
2500 4717 1
2500 4718 1
2500 7500 1
2500 7660 -1
2500 9367 1
17932 2500 -1
17932 7668 -1
17949 2500 -1
17949 4713 -1
23634 2500 -1
23634 2497 -1
23634 2516 -1
23634 2518 -1
23634 4716 -1
23799 2500 -1
2497 2500 0
2497 23634 1
2497 2515 1
2497 2516 0
2497 4694 0
2497 7500 1
2497 4713 0
2497 2518 0
2497 4716 0
2497 10000 1
2497 10010 1
2497 10014 1
2497 10015 1
2497 10021 1
2497 17511 1
2497 17512 1
2497 17516 1
2497 17526 1
2497 17528 1
2497 17529 1
2497 17673 1
2497 17676 0
2497 17677 1
2497 17680 1
2497 17686 1
2497 17698 1
2497 17939 1
2497 17943 1
2497 17950 1
2497 17951 1
2497 18074 1
2497 18081 1
2497 18089 1
2497 18092 1
2497 18094 1
2497 18126 1
2497 18265 1
2497 18283 1
2497 23774 1
2497 23776 1
2497 23778 1
2497 23791 1
2497 23803 1
2497 23806 1
2497 23810 1
2497 23826 1
2497 23829 1
2497 24252 1
2497 24254 1
2497 24265 1
2497 2510 0
2497 2514 0
2497 2521 0
2497 2523 1
2497 2526 1
2497 2527 1
2497 4672 1
2497 4673 0
2497 4677 0
2497 4678 0
2497 4680 0
2497 4682 0
2497 4685 0
2497 4688 1
2497 4691 0
2497 4702 0
2497 4704 0
2497 4723 1
2497 4725 0
2497 7502 1
2497 7503 0
2497 7514 0
2497 7516 1
2497 7519 1
2497 7521 1
2497 7524 1
2497 7529 1
2497 7531 1
2497 7664 1
2497 7665 1
2497 7670 1
2497 7671 1
2497 7672 1
2497 7679 1
2497 7682 1
2497 7685 1
2497 7687 1
2497 9351 1
2497 9357 1
2497 9365 1
2497 9370 1
2497 9371 1
2497 9595 0
2497 9605 1
2497 9614 1
2497 9617 1
2497 9619 1
2497 9622 1
2497 9993 1
2497 9995 1
2501 2500 -1
2504 2500 -1
2504 7660 0
2504 24254 1
2504 18279 1
2515 2500 -1
2515 2497 -1
2515 2516 0
2516 2500 1
2516 23634 1
2516 2497 0
2516 2515 0
2516 4694 0
2516 7500 1
2516 7660 1
2516 7668 1
2516 4713 1
2516 2518 1
2516 4716 0
2516 10000 1
2516 10010 1
2516 10015 1
2516 10021 1
2516 17511 1
2516 17529 1
2516 17676 1
2516 17698 1
2516 18081 1
2516 18094 1
2516 23778 1
2516 23791 1
2516 2510 0
2516 2514 1
2516 2526 1
2516 2527 1
2516 4678 1
2516 4680 0
2516 4685 1
2516 4688 1
2516 4691 0
2516 4702 1
2516 4704 1
2516 4723 0
2516 4725 0
2516 7503 1
2516 7514 1
2516 7516 1
2516 7524 1
2516 7529 0
2516 7670 1
2516 7671 0
2516 7679 1
2516 7682 1
2516 7687 1
2516 9357 1
2516 9365 1
2516 9370 1
2516 9595 0
2516 9605 0
2516 9617 1
2516 9622 1
2516 9993 0
2516 9995 1
2516 10001 1
2516 10002 1
2516 10003 1
2516 10011 1
2516 10019 1
2516 17506 1
2516 17509 1
2516 17524 1
2516 17531 1
2516 17534 1
2516 17675 1
2516 17685 1
2516 17696 1
2516 17697 1
2516 17961 1
2516 18068 1
2516 18069 0
2516 18077 1
2516 18085 1
2516 18125 1
2516 18133 1
2516 18134 1
2516 18135 1
2516 18140 0
2516 18149 1
2516 18271 1
2516 18273 1
2516 18282 1
2516 18289 1
2516 23619 1
2516 23621 0
2516 23624 1
2516 23635 1
2516 23641 1
2516 23780 1
2516 23785 1
2516 23786 1
2516 23792 1
2516 23798 1
2516 23808 1
2516 23825 1
2516 23827 1
2516 24253 1
2516 24262 1
2516 24275 1
2516 2519 1
2516 2524 1
2516 4675 1
2516 4686 1
2516 4693 0
2516 4732 1
2516 7506 0
2516 7522 0
2516 7527 1
2516 7667 1
2516 7673 0
2516 7678 1
2516 9600 0
2516 9604 1
2516 9607 0
2516 9609 1
2516 9613 1
2516 9615 1
4694 2500 1
4694 2497 0
4694 2516 0
4694 4713 1
4694 17511 1
4694 17512 1
4694 17676 1
4694 2510 1
4694 2521 1
4694 4677 1
4694 4704 1
4694 7503 1
4694 7665 1
4694 7679 1
4694 9595 1
4694 9605 1
4694 9617 1
4694 4675 1
4694 4686 1
4694 4693 1
4694 7673 1
4694 7678 1
4694 17688 1
4694 17691 1
4694 17693 1
4694 17695 1
4694 17931 1
4694 17941 1
4694 17944 1
4694 18071 1
4694 18090 1
4694 18097 1
4694 18263 1
4694 18269 1
4694 23782 1
4694 23795 1
4694 23830 1
4694 24249 1
4694 24274 1
4694 4698 1
4694 4727 1
4694 7677 1
4694 9593 1
4694 9999 1
4717 2500 -1
4717 7660 -1
4718 2500 -1
4718 4688 -1
7500 2500 -1
7500 2497 -1
7500 2516 -1
7500 7660 -1
7500 2518 1
7660 2500 1
7660 2504 0
7660 2516 -1
7660 4717 1
7660 7500 1
7660 2523 1
7660 4673 0
7660 4682 0
7660 4688 0
7660 4702 0
7660 9370 0
7660 17697 -1
7660 18125 1
7660 4675 0
7660 7667 1
7660 17934 1
7660 17956 1
7660 4730 1
7660 9355 1
9367 2500 -1
7668 17932 1
7668 2516 -1
7668 4713 -1
7668 4716 -1
7668 4725 -1
7668 7672 1
4713 17949 1
4713 2497 0
4713 2516 -1
4713 4694 -1
4713 7668 1
4713 10000 1
4713 10010 1
4713 17528 1
4713 18081 1
4713 18092 1
4713 23829 1
4713 2514 1
4713 4680 1
4713 4688 1
4713 7516 1
4713 7682 1
4713 9351 1
4713 9614 1
4713 9995 1
4713 18279 1
4713 17531 1
4713 17534 1
4713 17961 1
4713 18077 1
4713 18135 1
4713 23624 1
4713 23786 1
4713 23798 1
4713 7522 1
4713 17691 1
4713 17934 1
2518 23634 1
2518 2497 0
2518 2516 -1
2518 7500 -1
2518 17697 0
4716 23634 1
4716 2497 0
4716 2516 0
4716 7668 1
4716 17677 1
4716 17698 1
4716 18089 1
4716 18126 1
4716 24252 1
4716 4691 1
4716 7502 1
4716 7516 1
4716 7670 1
4716 9617 1
4716 10002 1
4716 10003 1
4716 18273 1
4716 7522 1
4716 17693 1
4716 17695 1
4716 24249 1
4716 4727 1
4716 9999 1
10000 2497 -1
10000 2516 -1
10000 4713 -1
10010 2497 -1
10010 2516 -1
10010 4713 -1
10010 17697 0
10014 2497 -1
10015 2497 -1
10015 2516 -1
10015 17676 -1
10015 9351 1
10015 10002 1
10015 10019 1
10015 17697 -1
10021 2497 -1
10021 2516 -1
10021 18265 1
17511 2497 -1
17511 2516 -1
17511 4694 -1
17511 17524 1
17511 23621 1
17512 2497 -1
17512 4694 -1
17516 2497 -1
17526 2497 -1
17528 2497 -1
17528 4713 -1
17529 2497 -1
17529 2516 -1
17529 4725 -1
17529 17696 1
17673 2497 -1
17676 2497 0
17676 2516 -1
17676 4694 -1
17676 10015 1
17676 23810 1
17676 4725 -1
17676 18069 1
17676 17956 1
17677 2497 -1
17677 4716 -1
17680 2497 -1
17686 2497 -1
17686 17697 0
17686 2519 -1
17698 2497 -1
17698 2516 -1
17698 4716 -1
17698 4725 -1
17939 2497 -1
17939 4725 -1
17943 2497 -1
17950 2497 -1
17950 4682 -1
17951 2497 -1
18074 2497 -1
18074 4725 -1
18081 2497 -1
18081 2516 -1
18081 4713 -1
18081 17697 -1
18089 2497 -1
18089 4716 -1
18092 2497 -1
18092 4713 -1
18092 23792 1
18094 2497 -1
18094 2516 -1
18126 2497 -1
18126 4716 -1
18126 4725 -1
18265 2497 -1
18265 10021 -1
18283 2497 -1
23774 2497 -1
23774 18149 -1
23776 2497 -1
23776 17697 0
23778 2497 -1
23778 2516 -1
23791 2497 -1
23791 2516 -1
23803 2497 -1
23806 2497 -1
23806 7670 -1
23810 2497 -1
23810 17676 -1
23826 2497 -1
23829 2497 -1
23829 4713 -1
24252 2497 -1
24252 4716 -1
24254 2497 -1
24254 2504 -1
24265 2497 -1
2510 2497 0
2510 2516 0
2510 4694 -1
2510 23785 1
2510 24275 1
2510 9607 1
2510 23782 1
2514 2497 0
2514 2516 -1
2514 4713 -1
2514 7502 1
2514 7521 1
2521 2497 0
2521 4694 -1
2523 2497 -1
2523 7660 -1
2526 2497 -1
2526 2516 -1
2527 2497 -1
2527 2516 -1
2527 23825 1
2527 9600 1
4672 2497 -1
4673 2497 0
4673 7660 0
4673 9607 1
4677 2497 0
4677 4694 -1
4678 2497 0
4678 2516 -1
4680 2497 0
4680 2516 0
4680 4713 -1
4680 10001 1
4682 2497 0
4682 7660 0
4682 17950 1
4682 4725 -1
4685 2497 0
4685 2516 -1
4688 2497 -1
4688 2516 -1
4688 4718 1
4688 7660 0
4688 4713 -1
4688 18071 1
4691 2497 0
4691 2516 0
4691 4716 -1
4702 2497 0
4702 2516 -1
4702 7660 0
4704 2497 0
4704 2516 -1
4704 4694 -1
4723 2497 -1
4723 2516 0
4725 2497 0
4725 2516 0
4725 7668 1
4725 17529 1
4725 17676 1
4725 17698 1
4725 17939 1
4725 18074 1
4725 18126 1
4725 4682 1
4725 9614 1
4725 17675 1
4725 17961 1
4725 18077 1
4725 18134 1
4725 18282 1
4725 23808 1
4725 23827 1
4725 7522 1
4725 7673 1
4725 17691 1
7502 2497 -1
7502 4716 -1
7502 2514 -1
7502 7529 -1
7503 2497 0
7503 2516 -1
7503 4694 -1
7514 2497 0
7514 2516 -1
7514 18282 1
7514 7678 1
7516 2497 -1
7516 2516 -1
7516 4713 -1
7516 4716 -1
7519 2497 -1
7519 9370 -1
7521 2497 -1
7521 2514 -1
7524 2497 -1
7524 2516 -1
7524 17697 -1
7529 2497 -1
7529 2516 0
7529 7502 1
7529 17931 1
7531 2497 -1
7664 2497 -1
7664 9370 -1
7665 2497 -1
7665 4694 -1
7670 2497 -1
7670 2516 -1
7670 4716 -1
7670 23806 1
7671 2497 -1
7671 2516 0
7672 2497 -1
7672 7668 -1
7679 2497 -1
7679 2516 -1
7679 4694 -1
7679 9614 1
7679 17691 1
7682 2497 -1
7682 2516 -1
7682 4713 -1
7682 17697 0
7685 2497 -1
7687 2497 -1
7687 2516 -1
9351 2497 -1
9351 4713 -1
9351 10015 -1
9357 2497 -1
9357 2516 -1
9365 2497 -1
9365 2516 -1
9370 2497 -1
9370 2516 -1
9370 7660 0
9370 7519 1
9370 7664 1
9370 9371 1
9370 2519 1
9370 18090 1
9370 18097 1
9371 2497 -1
9371 9370 -1
9371 18090 1
9371 18097 1
9595 2497 0
9595 2516 0
9595 4694 -1
9605 2497 -1
9605 2516 0
9605 4694 -1
9614 2497 -1
9614 4713 -1
9614 4725 -1
9614 7679 -1
9617 2497 -1
9617 2516 -1
9617 4694 -1
9617 4716 -1
9619 2497 -1
9619 9600 -1
9622 2497 -1
9622 2516 -1
9993 2497 -1
9993 2516 0
9995 2497 -1
9995 2516 -1
9995 4713 -1
18279 2504 -1
18279 4713 -1
10001 2516 -1
10001 4680 -1
10002 2516 -1
10002 4716 -1
10002 10015 -1
10003 2516 -1
10003 4716 -1
10011 2516 -1
10019 2516 -1
10019 10015 -1
10019 2519 -1
17506 2516 -1
17509 2516 -1
17524 2516 -1
17524 17511 -1
17531 2516 -1
17531 4713 -1
17534 2516 -1
17534 4713 -1
17675 2516 -1
17675 4725 -1
17675 23830 1
17685 2516 -1
17696 2516 -1
17696 17529 -1
17697 2516 -1
17697 7660 1
17697 2518 0
17697 10010 0
17697 10015 1
17697 17686 0
17697 18081 1
17697 23776 0
17697 7524 1
17697 7682 0
17697 18134 1
17697 18273 1
17697 18269 1
17697 4698 1
17697 7677 0
17961 2516 -1
17961 4713 -1
17961 4725 -1
18068 2516 -1
18068 2519 -1
18069 2516 0
18069 17676 -1
18077 2516 -1
18077 4713 -1
18077 4725 -1
18085 2516 -1
18125 2516 -1
18125 7660 -1
18133 2516 -1
18134 2516 -1
18134 4725 -1
18134 17697 -1
18135 2516 -1
18135 4713 -1
18140 2516 0
18140 9613 1
18149 2516 -1
18149 23774 1
18271 2516 -1
18273 2516 -1
18273 4716 -1
18273 17697 -1
18282 2516 -1
18282 4725 -1
18282 7514 -1
18289 2516 -1
23619 2516 -1
23621 2516 0
23621 17511 -1
23624 2516 -1
23624 4713 -1
23635 2516 -1
23641 2516 -1
23780 2516 -1
23785 2516 -1
23785 2510 -1
23786 2516 -1
23786 4713 -1
23792 2516 -1
23792 18092 -1
23798 2516 -1
23798 4713 -1
23808 2516 -1
23808 4725 -1
23825 2516 -1
23825 2527 -1
23827 2516 -1
23827 4725 -1
24253 2516 -1
24262 2516 -1
24275 2516 -1
24275 2510 -1
2519 2516 -1
2519 17686 1
2519 9370 -1
2519 10019 1
2519 18068 1
2519 4675 1
2519 7677 1
2524 2516 -1
4675 2516 -1
4675 4694 -1
4675 7660 0
4675 2519 -1
4686 2516 -1
4686 4694 -1
4693 2516 0
4693 4694 -1
4732 2516 -1
7506 2516 0
7522 2516 0
7522 4713 -1
7522 4716 -1
7522 4725 -1
7527 2516 -1
7667 2516 -1
7667 7660 -1
7673 2516 0
7673 4694 -1
7673 4725 -1
7678 2516 -1
7678 4694 -1
7678 7514 -1
9600 2516 0
9600 2527 -1
9600 9619 1
9604 2516 -1
9607 2516 0
9607 2510 -1
9607 4673 -1
9609 2516 -1
9613 2516 -1
9613 18140 -1
9615 2516 -1
17688 4694 -1
17691 4694 -1
17691 4713 -1
17691 4725 -1
17691 7679 -1
17693 4694 -1
17693 4716 -1
17695 4694 -1
17695 4716 -1
17931 4694 -1
17931 7529 -1
17941 4694 -1
17944 4694 -1
18071 4694 -1
18071 4688 -1
18090 4694 -1
18090 9370 -1
18090 9371 -1
18097 4694 -1
18097 9370 -1
18097 9371 -1
18263 4694 -1
18269 4694 -1
18269 17697 -1
23782 4694 -1
23782 2510 -1
23795 4694 -1
23830 4694 -1
23830 17675 -1
24249 4694 -1
24249 4716 -1
24274 4694 -1
4698 4694 -1
4698 17697 -1
4727 4694 -1
4727 4716 -1
7677 4694 -1
7677 17697 0
7677 2519 -1
9593 4694 -1
9999 4694 -1
9999 4716 -1
17934 7660 -1
17934 4713 -1
17956 7660 -1
17956 17676 -1
4730 7660 -1
9355 7660 -1
